LUT 227 124 22475
LUT 85 68 6060
LUT 223 77 1562
LUT 81 238 5037
LUT 43 58 61656
LUT 86 4 42478
LUT 22 106 56020
LUT 207 156 55742
LUT 120 174 42503
LUT 150 48 38142
LUT 249 33 20361
LUT 228 161 43556
LUT 157 233 8768
LUT 38 119 43932
LUT 146 61 7469
LUT 81 28 65324
LUT 122 141 38582
LUT 116 250 34064
LUT 218 66 47533
LUT 47 48 41244
LUT 97 98 61109
LUT 226 24 36153
LUT 69 55 7261
LUT 208 224 24021
LUT 182 180 46003
LUT 209 246 4033
LUT 85 209 48323
LUT 255 38 63989
LUT 49 54 61425
LUT 224 31 36733
LUT 90 202 42420
LUT 35 131 23126
LUT 77 142 45518
LUT 225 226 49114
LUT 28 237 49613
LUT 184 248 59496
LUT 100 131 8092
LUT 104 32 59713
LUT 216 196 6304
LUT 118 52 24175
LUT 40 156 26585
LUT 17 116 28117
LUT 53 111 47322
LUT 28 153 36567
LUT 0 102 36752
LUT 40 225 47943
LUT 196 164 41809
LUT 149 14 4919
LUT 89 224 32922
LUT 45 134 50862
LUT 15 236 31661
LUT 137 164 38102
LUT 248 192 65197
LUT 92 32 16891
LUT 203 9 5014
LUT 168 233 47077
LUT 147 177 17170
LUT 68 170 28350
LUT 8 60 7957
LUT 22 183 54211
LUT 145 166 54310
LUT 89 48 27345
LUT 128 4 27865
LUT 225 183 37069
LUT 107 60 24690
LUT 8 42 10758
LUT 195 22 53874
LUT 154 193 19842
LUT 13 236 22092
LUT 215 213 37459
LUT 62 63 38573
LUT 107 242 22211
LUT 255 188 63831
LUT 233 25 38879
LUT 127 74 1688
LUT 0 243 58751
LUT 69 253 52027
LUT 10 153 32232
LUT 47 239 31019
LUT 109 1 2372
LUT 142 63 21851
LUT 230 148 65419
LUT 9 178 58902
LUT 248 234 44443
LUT 112 102 55469
LUT 118 34 34605
LUT 127 227 1094
LUT 99 234 30832
LUT 226 101 61011
LUT 57 246 6709
LUT 57 225 22289
LUT 82 105 59776
LUT 193 154 57991
LUT 47 223 50361
LUT 96 2 56627
LUT 5 75 61616
LUT 153 34 54314
LUT 141 50 60387
LUT 39 143 59510
LUT 6 109 10351
LUT 212 204 26776
LUT 71 25 41364
LUT 123 114 9681
LUT 212 143 8789
LUT 202 36 33289
LUT 92 61 60922
LUT 133 216 45916
LUT 210 170 57093
LUT 147 84 58621
LUT 122 60 17182
LUT 72 165 45449
LUT 69 114 9661
LUT 165 82 41624
LUT 171 19 64055
LUT 218 79 36333
LUT 101 63 25814
LUT 192 49 32818
LUT 112 0 58689
LUT 125 175 42654
LUT 223 27 35153
LUT 17 50 51439
LUT 5 28 63463
LUT 167 227 20374
LUT 253 32 2605
LUT 59 253 7601
LUT 252 20 46943
LUT 244 130 8076
LUT 180 195 56429
LUT 9 156 27426
LUT 109 3 45439
LUT 169 152 54798
LUT 239 20 45563
LUT 75 246 39429
LUT 213 121 18112
LUT 77 112 14448
LUT 8 179 537
LUT 28 166 25015
LUT 143 177 43158
LUT 44 94 33400
LUT 226 58 45372
LUT 123 35 55946
LUT 37 150 13278
LUT 160 82 29937
LUT 151 66 21210
LUT 174 48 59049
LUT 76 42 27384
LUT 142 75 15748
LUT 238 168 46432
LUT 227 152 20206
LUT 51 232 41935
LUT 21 210 15622
LUT 133 174 54751
LUT 168 6 9077
LUT 14 190 38025
LUT 187 204 5121
LUT 215 134 1904
LUT 128 51 3854
LUT 42 203 31124
LUT 15 224 26874
LUT 81 144 44837
LUT 150 183 60955
LUT 230 75 15578
LUT 114 15 17317
LUT 247 200 42614
LUT 0 244 9749
LUT 101 110 42508
LUT 103 131 38132
LUT 118 27 11973
LUT 67 183 45067
LUT 22 181 54394
LUT 188 183 50223
LUT 241 138 7907
LUT 81 218 54409
LUT 59 49 63753
LUT 100 44 51025
LUT 225 97 2020
LUT 230 126 22433
LUT 169 146 52180
LUT 41 127 50436
LUT 70 103 26397
LUT 127 72 64001
LUT 202 172 6325
LUT 141 112 197
LUT 116 200 18032
LUT 140 219 4875
LUT 7 224 40939
LUT 38 73 30063
LUT 27 6 3912
LUT 23 0 36430
LUT 109 71 58125
LUT 62 209 38705
LUT 157 16 6859
LUT 220 139 47263
LUT 230 205 24317
LUT 171 119 37066
LUT 30 162 45597
LUT 89 133 956
LUT 131 143 25495
LUT 224 161 14294
LUT 130 141 8907
LUT 103 7 52721
LUT 54 134 60335
LUT 70 239 38689
LUT 185 141 37361
LUT 76 198 53384
LUT 56 64 46762
LUT 2 197 46553
LUT 34 42 4158
LUT 237 242 43616
LUT 241 79 44414
LUT 16 103 60027
LUT 234 182 36196
LUT 154 13 53118
LUT 74 25 39346
LUT 187 220 41328
LUT 124 247 58181
LUT 21 40 6441
LUT 153 48 51998
LUT 53 39 3112
LUT 161 60 15320
LUT 113 106 8982
LUT 51 48 22491
LUT 199 134 14016
LUT 184 139 29694
LUT 35 173 38396
LUT 34 44 63955
LUT 219 40 34502
LUT 76 64 19253
LUT 123 214 28368
LUT 250 181 18894
LUT 56 185 26046
LUT 144 247 22068
LUT 223 248 38711
LUT 104 136 8973
LUT 160 235 7171
LUT 199 166 3525
LUT 175 166 61848
LUT 242 230 27305
LUT 75 190 11168
LUT 113 21 60936
LUT 141 242 34065
LUT 138 8 19357
LUT 189 254 26465
LUT 196 1 64935
LUT 185 113 52087
LUT 150 138 47177
LUT 166 107 25494
LUT 58 213 1304
LUT 87 64 48065
LUT 191 187 40672
LUT 109 167 43121
LUT 11 161 2398
LUT 154 60 48100
LUT 65 96 51783
LUT 117 228 59397
LUT 251 4 64742
LUT 125 26 21546
LUT 104 29 30240
LUT 190 80 59871
LUT 175 255 61749
LUT 229 28 53762
LUT 107 139 44084
LUT 243 131 64730
LUT 40 169 44543
LUT 215 114 11230
LUT 162 197 21335
LUT 223 146 37462
LUT 136 126 548
LUT 40 47 59973
LUT 96 130 45717
LUT 159 46 48469
LUT 197 54 40657
LUT 172 209 59581
LUT 133 237 10025
LUT 178 81 17862
LUT 151 13 44332
LUT 191 29 35260
LUT 55 173 43827
LUT 198 190 35038
LUT 143 110 45523
LUT 127 60 58000
LUT 249 55 11062
LUT 60 76 61790
LUT 90 234 55283
LUT 47 2 3750
LUT 180 248 449
LUT 75 73 217
LUT 173 75 30907
LUT 56 189 39500
LUT 143 142 42654
LUT 163 107 32277
LUT 44 177 46941
LUT 91 63 48025
LUT 79 1 33186
LUT 33 88 11907
LUT 220 81 52156
LUT 122 101 61155
LUT 151 181 41347
LUT 209 101 31739
LUT 1 130 26129
LUT 24 64 33187
LUT 50 251 48664
LUT 128 75 8130
LUT 89 26 8245
LUT 18 174 16861
LUT 150 215 4439
LUT 89 58 57489
LUT 148 45 25005
LUT 14 81 21491
LUT 84 126 26794
LUT 5 33 25662
LUT 231 155 60312
LUT 206 250 534
LUT 128 40 7154
LUT 52 150 16662
LUT 6 146 30409
LUT 70 233 4759
LUT 9 87 13394
LUT 217 213 28607
LUT 251 132 28404
LUT 148 79 52306
LUT 237 19 50970
LUT 84 142 42915
LUT 228 190 10215
LUT 246 72 27988
LUT 71 207 10376
LUT 141 62 34102
LUT 35 157 46984
LUT 70 191 36084
LUT 0 232 20153
LUT 154 106 15852
LUT 139 80 58802
LUT 91 196 49598
LUT 1 0 5110
LUT 110 36 10269
LUT 5 114 57677
LUT 116 146 34560
LUT 166 96 20424
LUT 170 96 4811
LUT 84 88 9169
LUT 197 84 34953
LUT 81 173 61970
LUT 242 215 20843
LUT 84 194 25348
LUT 101 1 4333
LUT 56 74 38824
LUT 27 98 27343
LUT 235 145 36452
LUT 146 216 16621
LUT 237 38 15453
LUT 127 223 58087
LUT 174 75 12421
LUT 59 31 61742
LUT 62 38 64381
LUT 16 132 38983
LUT 224 48 46814
LUT 240 125 55744
LUT 164 230 62236
LUT 184 84 31753
LUT 211 171 16034
LUT 83 244 15256
LUT 59 60 22387
LUT 70 24 18538
LUT 140 50 51395
LUT 134 7 34903
LUT 77 159 40501
LUT 60 253 23308
LUT 155 23 43845
LUT 138 30 21294
LUT 172 21 14934
LUT 61 24 35323
LUT 4 80 59812
LUT 207 197 27277
LUT 86 95 60915
LUT 94 107 9225
LUT 233 1 13388
LUT 244 79 48837
LUT 217 85 10520
LUT 85 39 63728
LUT 94 81 64797
LUT 239 227 41733
LUT 49 63 32773
LUT 22 16 22537
LUT 99 236 14293
LUT 26 232 38303
LUT 105 229 56193
LUT 43 130 30862
LUT 253 93 25846
LUT 67 115 39040
LUT 222 126 45917
LUT 165 218 53042
LUT 190 254 14955
LUT 195 175 42606
LUT 221 227 21208
LUT 247 26 31738
LUT 100 179 52386
LUT 83 81 28354
LUT 169 24 62100
LUT 228 58 5321
LUT 234 153 4027
LUT 194 165 16954
LUT 85 112 57063
LUT 18 109 35457
LUT 106 47 32576
LUT 13 66 891
LUT 226 109 10413
LUT 19 200 28373
LUT 185 11 50618
LUT 82 5 5398
LUT 169 247 38424
LUT 207 191 54770
LUT 227 43 52883
LUT 226 64 23779
LUT 139 187 19342
LUT 118 36 41437
LUT 234 37 35186
LUT 204 154 27422
LUT 75 86 41841
LUT 235 152 37963
LUT 33 246 560
LUT 143 81 31010
LUT 240 245 30980
LUT 254 53 32773
LUT 71 144 16647
LUT 152 145 16195
LUT 247 37 62100
LUT 128 58 39251
LUT 236 145 65177
LUT 211 176 26811
LUT 113 46 19087
LUT 127 235 45488
LUT 80 225 25161
LUT 47 129 26737
LUT 54 136 2438
LUT 5 123 10183
LUT 253 61 58005
LUT 226 167 46653
LUT 176 166 37806
LUT 190 164 18242
LUT 153 251 7677
LUT 217 69 45144
LUT 147 27 43326
LUT 241 221 9552
LUT 63 196 34145
LUT 140 129 31343
LUT 115 73 15634
LUT 223 181 38544
LUT 193 210 37668
LUT 64 188 22073
LUT 215 198 48888
LUT 113 173 35078
LUT 49 177 10485
LUT 231 238 61577
LUT 199 163 51804
LUT 223 162 9623
LUT 176 63 22081
LUT 8 54 2218
LUT 153 210 8756
LUT 138 128 28377
LUT 18 14 65235
LUT 138 212 38635
LUT 126 169 43478
LUT 149 225 46458
LUT 115 191 16457
LUT 190 242 12742
LUT 179 31 45401
LUT 25 250 61229
LUT 170 43 39178
LUT 19 76 56632
LUT 58 203 24538
LUT 85 194 6696
LUT 197 99 28845
LUT 2 29 45850
LUT 101 90 17911
LUT 171 199 2617
LUT 121 77 57059
LUT 180 31 25882
LUT 141 0 30898
LUT 172 156 54906
LUT 138 103 15038
LUT 66 247 62739
LUT 254 70 62691
LUT 164 134 9665
LUT 113 31 64474
LUT 58 169 34959
LUT 143 209 21834
LUT 122 201 18915
LUT 86 52 34817
LUT 49 110 57406
LUT 167 251 39020
LUT 39 108 59288
LUT 107 172 23036
LUT 122 167 22795
LUT 216 120 35135
LUT 115 77 19742
LUT 81 167 6678
LUT 73 85 48202
LUT 95 182 11789
LUT 245 104 36720
LUT 10 51 44774
LUT 179 218 54832
LUT 13 245 35381
LUT 36 175 28522
LUT 56 227 59452
LUT 210 148 43821
LUT 153 168 50638
LUT 221 99 24319
LUT 146 81 12795
LUT 124 38 22261
LUT 224 68 58967
LUT 14 100 9504
LUT 161 53 60915
LUT 86 104 17031
LUT 58 151 25797
LUT 162 118 1877
LUT 184 70 40169
LUT 119 235 17541
LUT 237 108 59455
LUT 201 244 7608
LUT 134 52 42240
LUT 246 1 36363
LUT 0 161 57533
LUT 48 81 4188
LUT 171 228 53557
LUT 79 43 11274
LUT 198 143 47373
LUT 100 143 35617
LUT 133 28 18513
LUT 248 223 47305
LUT 51 196 29012
LUT 42 63 5985
LUT 173 89 12309
LUT 20 50 57497
LUT 171 220 26798
LUT 96 195 56272
LUT 177 87 56428
LUT 217 103 48497
LUT 147 238 9080
LUT 157 77 25378
LUT 107 62 55643
LUT 177 147 8872
LUT 33 179 39198
LUT 235 122 40214
LUT 56 84 62128
LUT 164 252 12088
LUT 235 156 13644
LUT 228 34 25046
LUT 130 167 45072
LUT 223 220 60503
LUT 70 82 37141
LUT 141 246 57791
LUT 94 125 60755
LUT 101 15 7402
LUT 95 242 28738
LUT 55 230 49463
LUT 176 63 4136
LUT 89 168 62205
LUT 20 140 31073
LUT 73 229 4935
LUT 177 163 48885
LUT 11 186 42058
LUT 46 72 36998
LUT 175 246 48760
LUT 174 160 56266
LUT 25 75 21327
LUT 119 119 33053
LUT 240 156 19426
LUT 90 124 37360
LUT 147 190 51466
LUT 22 143 55481
LUT 12 182 44252
LUT 132 211 56362
LUT 243 167 19921
LUT 102 3 2658
LUT 163 47 64124
LUT 52 26 14643
LUT 14 175 1940
LUT 70 106 40891
LUT 48 238 19454
LUT 28 253 36928
LUT 48 191 17744
LUT 203 5 37273
LUT 90 7 4287
LUT 1 227 7880
LUT 163 190 4391
LUT 172 44 11555
LUT 134 65 64735
LUT 103 157 18585
LUT 170 129 47745
LUT 200 52 20207
LUT 111 30 23903
LUT 246 171 39706
LUT 154 85 49311
LUT 162 157 54368
LUT 107 218 42204
LUT 211 191 17746
LUT 0 195 42120
LUT 186 1 18480
LUT 34 197 36300
LUT 123 129 4994
LUT 142 115 12085
LUT 188 94 61750
LUT 104 111 6635
LUT 241 207 23853
LUT 33 245 26227
LUT 128 134 14775
LUT 144 82 24900
LUT 7 228 12245
LUT 170 111 39217
LUT 72 246 20194
LUT 201 54 9820
LUT 15 145 62975
LUT 96 2 64443
LUT 109 136 32912
LUT 6 219 64453
LUT 130 4 28281
LUT 236 133 32775
LUT 162 189 31852
LUT 14 133 21556
LUT 200 37 23806
LUT 71 162 32475
LUT 211 65 30559
LUT 132 86 16769
LUT 115 162 37909
LUT 233 231 49782
LUT 70 129 13662
LUT 82 163 65273
LUT 158 55 5707
LUT 99 36 35447
LUT 206 201 10973
LUT 225 107 9146
LUT 106 146 17938
LUT 66 242 50590
LUT 194 151 46563
LUT 97 126 25149
LUT 219 97 3262
LUT 253 94 16340
LUT 249 180 23923
LUT 35 253 8398
LUT 182 216 57270
LUT 153 43 26088
LUT 104 32 31484
LUT 1 21 3907
LUT 8 32 39818
LUT 134 196 30407
LUT 116 204 6559
LUT 1 116 62389
LUT 116 35 8583
LUT 74 61 47320
LUT 50 214 42055
LUT 192 38 36396
LUT 217 116 20314
LUT 132 142 22675
LUT 238 78 34696
LUT 62 154 6236
LUT 170 176 34750
LUT 121 71 13041
LUT 244 250 2466
LUT 186 5 20047
LUT 119 117 8201
LUT 203 58 47575
LUT 135 38 15641
LUT 171 146 41072
LUT 50 160 64602
LUT 239 158 64512
LUT 5 129 33300
LUT 61 30 49827
LUT 237 244 34193
LUT 201 172 4420
LUT 233 38 27204
LUT 200 108 8306
LUT 88 254 27697
LUT 32 90 47112
LUT 115 43 460
LUT 173 253 51151
LUT 123 125 52933
LUT 215 62 15143
LUT 77 7 8957
LUT 255 105 39226
LUT 4 86 45606
LUT 12 48 22605
LUT 39 231 15062
LUT 148 219 4246
LUT 60 184 26371
LUT 134 186 21118
LUT 59 178 29379
LUT 56 20 27279
LUT 202 251 27675
LUT 49 138 51390
LUT 196 177 18747
LUT 37 133 62321
LUT 89 159 10293
LUT 206 122 36404
LUT 126 72 35881
LUT 115 29 8845
LUT 115 250 38403
LUT 59 84 37386
LUT 50 115 57366
LUT 121 118 51800
LUT 196 196 30726
LUT 133 216 43350
LUT 240 202 28916
LUT 134 37 58115
LUT 150 95 13183
LUT 208 174 11354
LUT 78 184 41303
LUT 4 41 54079
LUT 172 179 42631
LUT 227 91 44842
LUT 232 45 9166
LUT 58 122 26323
LUT 242 87 26141
LUT 7 235 33061
LUT 134 193 56760
LUT 188 169 10652
LUT 123 39 50545
LUT 87 231 15517
LUT 137 27 10380
LUT 125 78 56289
LUT 88 209 2262
LUT 197 24 33313
LUT 147 78 50653
LUT 233 123 33269
LUT 128 209 5755
LUT 166 28 26146
LUT 129 23 26663
LUT 188 241 52885
LUT 110 113 44713
LUT 220 40 36874
LUT 159 63 11585
LUT 152 90 23342
LUT 226 119 20353
LUT 225 70 64129
LUT 22 128 9972
LUT 117 66 42368
LUT 33 220 52934
LUT 57 252 28092
LUT 55 182 64449
LUT 15 86 16586
LUT 239 96 8659
LUT 73 159 31791
LUT 110 58 64955
LUT 230 156 13982
LUT 229 154 40896
LUT 102 29 39115
LUT 237 32 6937
LUT 100 18 58077
LUT 76 167 7243
LUT 2 236 5668
LUT 119 121 23864
LUT 66 174 17202
LUT 196 87 21534
LUT 52 21 22576
LUT 32 141 40974
LUT 102 137 10643
LUT 164 203 28857
LUT 71 30 36701
LUT 6 176 54480
LUT 205 244 36655
LUT 75 53 15526
LUT 27 62 49522
LUT 41 51 35765
LUT 1 120 1048
LUT 223 51 46606
LUT 50 170 2190
LUT 215 120 27080
LUT 81 223 22504
LUT 203 112 22436
LUT 242 122 56241
LUT 27 1 37417
LUT 227 251 24140
LUT 27 244 602
LUT 26 132 12495
LUT 250 42 45261
LUT 169 205 43977
LUT 218 13 30395
LUT 42 194 59085
LUT 175 43 20177
LUT 3 175 7349
LUT 239 99 6097
LUT 118 180 4378
LUT 189 165 59061
LUT 206 134 54911
LUT 197 8 52365
LUT 101 78 17209
LUT 201 224 11885
LUT 94 110 30596
LUT 52 200 54130
LUT 114 167 35487
LUT 176 204 38774
LUT 170 70 52847
LUT 212 175 41211
LUT 88 93 62667
LUT 81 225 54230
LUT 198 112 43283
LUT 17 225 62595
LUT 26 163 27012
LUT 231 19 62638
LUT 164 218 40451
LUT 200 188 11503
LUT 135 82 26953
LUT 113 121 27416
LUT 203 202 44337
LUT 106 189 43467
LUT 227 181 8944
LUT 191 25 64957
LUT 51 152 31996
LUT 87 64 2388
LUT 121 197 33805
LUT 141 10 5638
LUT 147 51 10485
LUT 241 152 57825
LUT 114 209 23364
LUT 255 211 5701
LUT 185 42 55716
LUT 246 23 61363